	0	1	2
0	0.7593984962406015	0.15105946684894056	0.08954203691045794
1	0.42202512934220254	0.29637841832963785	0.28159645232815966
2	0.19579894973743434	0.3983495873968492	0.40585146286571644
3	0.15820198482194978	0.43841214244016347	0.40338587273788673
4	0.27613104524180965	0.34893395735829436	0.374934997399896
5	0.3373349339735894	0.3253301320528211	0.3373349339735894
6	0.23503902862098872	0.39982653946227237	0.365134431916739
7	0.32633788037775446	0.17943336831059814	0.4942287513116474
8	0.13876088069636455	0.24628776241679468	0.6149513568868408
9	0.10980720871751888	0.4115674769488684	0.4786253143336128
10	0.5387673956262425	0.22067594433399604	0.24055666003976145
11	0.6803874092009685	0.09927360774818404	0.22033898305084748
12	0.0877573131094258	0.3044420368364031	0.6078006500541712
13	0.1387319522912743	0.36472065285624605	0.4965473948524796
14	0.17979197622585438	0.2689450222882615	0.551263001485884
15	0.3333333333333333	0.3723196881091618	0.29434697855750486
16	0.13253012048192772	0.5487404162102957	0.3187294633077766
17	0.043478260869565195	0.3201581027667984	0.6363636363636364
18	0.13531353135313534	0.49834983498349833	0.36633663366336633
19	0.0994152046783626	0.5087719298245614	0.391812865497076
20	0.3903133903133903	0.11490978157644828	0.4947768281101615
21	0.17608337904552934	0.060888645090510125	0.7630279758639605
22	0.09303758471965494	0.06223043746149104	0.844731977818854
23	0.09404163675520462	0.15147164393395546	0.75448671931084
24	0.04541406945681213	0.31255565449688333	0.6420302760463046
25	0.3333333333333333	0.3333333333333333	0.3333333333333333
26	0.2650363516192994	0.5690680766688698	0.16589557171183078
27	0.20049813200498134	0.5118306351183063	0.28767123287671237
28	0.09072781655034898	0.5094715852442673	0.3998005982053839
29	0.18300086730268866	0.23503902862098874	0.5819601040763226
30	0.11918850380388843	0.18681318681318684	0.6939983093829247
31	0.10734463276836156	0.13873195229127436	0.7539234149403642
32	0.14741035856573706	0.3333333333333333	0.5192563081009296
33	0.24129651860744297	0.24129651860744297	0.517406962785114
34	0.13432835820895525	0.41625207296849087	0.4494195688225539
35	0.42657342657342656	0.35664335664335667	0.21678321678321677
36	0.22551662174303683	0.3063791554357592	0.46810422282120395
37	0.21177223288547664	0.39731285988483683	0.3909149072296865
38	0.2779623477297896	0.32225913621262453	0.39977851605758585
39	0.3114166168559474	0.20980274955170353	0.47878063359234907
40	0.05105853051058532	0.2752179327521794	0.6737235367372353
41	0.25029655990510086	0.16725978647686834	0.5824436536180307
42	0.3143183114660582	0.4055904164289789	0.28009127210496293
43	0.49834983498349833	0.23432343234323433	0.26732673267326734
44	0.44069128043990574	0.47211311861743915	0.08719560094265517
45	0.3697881066302119	0.43130553656869447	0.19890635680109361
46	0.2858837485172005	0.40450771055753254	0.3096085409252669
47	0.21734169994295494	0.4968625213918996	0.28579577866514544
48	0.26034063260340634	0.5604217356042174	0.17923763179237628
49	0.40160284951024044	0.30365093499554763	0.294746215494212
50	0.3420914345769837	0.35260115606936415	0.30530740935365214
51	0.2867132867132867	0.0769230769230769	0.6363636363636364
52	0.24544883866917763	0.6220966729441306	0.1324544883866918
53	0.22132097334878337	0.626882966396292	0.15179606025492473
54	0.09597523219814244	0.7461300309597523	0.15789473684210528
55	0.3289646133682831	0.4338138925294888	0.23722149410222804
56	0.4693877551020408	0.2944606413994169	0.23615160349854228
57	0.46055979643765904	0.2824427480916031	0.25699745547073793
58	0.4965034965034965	0.2867132867132867	0.21678321678321677
59	0.5993061578490894	0.3217692974848222	0.07892454466608849
60	0.39622641509433965	0.241852487135506	0.36192109777015435
61	0.46765641569459176	0.28738069989395554	0.24496288441145286
62	0.24836125273124543	0.5833940276766205	0.16824471959213405
63	0.060109289617486315	0.7158469945355191	0.2240437158469945
64	0.2805071315372425	0.4706814580031696	0.24881141045958796
65	0.2689210950080515	0.3494363929146538	0.3816425120772947
66	0.3000712758374911	0.3499643620812545	0.3499643620812545
67	0.31101643335362145	0.256238587948874	0.43274497869750456
68	0.5334088335220838	0.13703284258210646	0.32955832389580975
69	0.6739974126778784	0.10478654592496768	0.22121604139715398
70	0.40829234012649335	0.22557976106816582	0.36612789880534086
71	0.25946445060018464	0.25023084025854114	0.4903047091412743
72	0.3158447009443861	0.2948583420776495	0.3892969569779643
73	0.2947976878612717	0.12138728323699421	0.5838150289017342
74	0.2503888024883359	0.20373250388802486	0.5458786936236392
75	0.4323432343234323	0.10231023102310234	0.4653465346534653
76	0.36283185840707965	0.4513274336283186	0.18584070796460175
77	0.4707574304889741	0.16395014381591566	0.3652924256951103
78	0.4258712344949793	0.31364441819255756	0.26048434731246306
79	0.5282837967401726	0.23106423777564716	0.2406519654841803
80	0.4129692832764505	0.3447098976109215	0.242320819112628
81	0.4586466165413534	0.007518796992481177	0.5338345864661654
82	0.0919765166340509	0.2420091324200913	0.6660143509458578
83	0.2720232333010649	0.3591481122942885	0.3688286544046467
84	0.40425531914893614	0.30347144456886893	0.2922732362821948
85	0.4548335974643423	0.21183306920232434	0.3333333333333333
86	0.4965473948524796	0.1387319522912743	0.36472065285624605
87	0.3742331288343559	0.3742331288343559	0.2515337423312884
88	0.45840130505709625	0.3442088091353997	0.19738988580750408
89	0.5273457099849473	0.28650275965880584	0.18615153035624685
90	0.3497536945812807	0.20197044334975373	0.44827586206896547
91	0.2098765432098765	0.20987654320987656	0.5802469135802468
92	0.15865039483129934	0.40990667623833454	0.4314429289303661
93	0.25077399380804954	0.5603715170278637	0.18885448916408665
94	0.35529650278763303	0.2387227572225038	0.40598073998986317
95	0.31013147718484146	0.3565351894818252	0.3333333333333333
96	0.30990864371047083	0.3169360505973296	0.37315530569219957
97	0.2735775526110678	0.33593141075604055	0.39049103663289164
98	0.40897629853756934	0.40897629853756934	0.1820474029248613
99	0.530941237649506	0.2917316692667707	0.17732709308372333
